[gd_scene load_steps=4 format=2]

[ext_resource path="res://Eye/Eye.tscn" type="PackedScene" id=1]
[ext_resource path="res://Wall/Wall.tscn" type="PackedScene" id=2]
[ext_resource path="res://FollowMouse.gd" type="Script" id=3]

[node name="Spatial" type="Spatial"]

[node name="Eye" parent="." instance=ExtResource( 1 )]
transform = Transform( 0.99812, -0.00592137, -0.0610067, 1.50289e-07, -0.995322, 0.0966094, -0.0612934, -0.0964278, -0.993451, 0, 0, -1 )
pointerPath = NodePath("../Pointer")

[node name="Eye2" parent="." instance=ExtResource( 1 )]
transform = Transform( 0.837329, -0.0443692, -0.544896, 1.50498e-07, -0.996701, 0.0811585, -0.5467, -0.0679564, -0.834567, -1, 0, -1 )
pointerPath = NodePath("../Pointer")

[node name="Eye3" parent="." instance=ExtResource( 1 )]
transform = Transform( 0.883539, 0.0400941, 0.466637, 1.50442e-07, -0.996329, 0.0856055, 0.468357, -0.0756358, -0.880296, 1, 0, -1 )
pointerPath = NodePath("../Pointer")

[node name="DirectionalLight" type="DirectionalLight" parent="."]
transform = Transform( 1, 0, 0, 0, 1, 0, 0, 0, 1, 0, 0, 8.79093 )
light_energy = 1.3

[node name="Wall" parent="." instance=ExtResource( 2 )]
transform = Transform( 1, 0, 0, 0, -4.37114e-08, -1, 0, 1, -4.37114e-08, 0, 0, -2 )

[node name="Camera" type="Camera" parent="."]
transform = Transform( 1, 0, 0, 0, 1, 0, 0, 0, 1, 0, 0, 2 )

[node name="Pointer" type="Position3D" parent="."]
script = ExtResource( 3 )
cameraPath = NodePath("../Camera")
